V4
1
23
pa_PairedKill1HMBlunt2Hits
4201537311
-0.000101 0.000000 0.000008
1.000000 0.000000 0.000000 -0.000000
pa_PairedKill1HMRipperSlice
1802532449
-0.000109 0.000000 0.000008
1.000000 0.000000 0.000000 -0.000000
pa_PairedKill1HMSneakBluntSwing
215824713
4.467684 -7.235050 0.000032
1.000000 0.000000 0.000000 -0.000000
pa_PairedKill2HMBashKneeAndHead
2534267212
-0.000000 0.000000 0.000000
1.000000 0.000000 -0.000000 0.000000
pa_PairedKill2HMSwingKill
3530852406
-0.000117 0.000000 0.000008
1.000000 0.000000 -0.000000 -0.000000
pa_PairedKillH2H3Hits
3073750075
-0.000068 0.000000 -0.000003
1.000000 0.000000 0.000000 0.000000
pa_PairedKillH2HPickUpHeadStomp
3911494922
-0.000068 -0.000000 0.000005
1.000000 0.000000 -0.000000 -0.000000
pa_PairedKillPowerFistPunch
187669403
-0.000117 0.000000 0.000008
1.000000 0.000000 -0.000000 -0.000000
pa_KillMoveDeathclawRaiderPickUpStab1stPVictim
1343876957
0.000000 165.970978 0.000008
-0.000000 0.000000 -0.000000 1.000000
pa_DeathclawPlayerPushDownRoar1stPVictim
3884191769
-0.000000 165.970978 0.000008
-0.000000 0.000000 -0.000000 1.000000
pa_DeathclawPAPushDownSwipe1stPVictim
4015092289
-0.000000 181.456085 0.000008
-0.000001 0.000001 0.000000 1.000000
pa_PairedPushFromFront
1302741186
-2.411119 14.573897 0.000122
1.000000 -0.000000 0.000000 0.000000
pa_KillMoveFeralGhoulBiteNPCVictim
2880447714
0.000017 -0.000023 0.000000
1.000000 -0.000000 -0.000000 0.000000
pa_PairedKillSneakPistolHit
3682674380
-0.118270 -0.191458 0.000133
1.000000 0.000000 -0.000000 0.000000
pa_PairedKillSneakRifleHit
1776830312
0.030344 -0.231802 0.000134
1.000000 0.000000 -0.000000 0.000000
pa_PairedRifleGunButt
1080038834
-0.069811 -0.006803 0.000126
1.000000 -0.000000 0.000000 -0.000000
pa_PairedKillPistolBash
1827886191
1.674480 2.835460 0.000028
1.000000 0.000000 -0.000000 0.000000
pa_PairedKill1HMSneakStabNeck
387500270
2.326089 -11.656998 0.000048
1.000000 0.000000 0.000000 -0.000000
pa_PairedKillH2HNeckBreakFromBehind
1640892640
-4.738691 -0.123549 0.000010
1.000000 0.000000 0.000000 -0.000000
pa_PairedKill1HMStabNeck
3954820883
0.000008 -0.000000 -0.000000
1.000000 0.000000 -0.000000 -0.000000
pa_PairedKillDeathclawGauntletStabStomach
6658198
-0.000000 0.000000 0.000010
1.000000 0.000000 0.000000 -0.000000
pa_PairedKillDeathclawGauntletUppercut
1880032616
-0.000129 0.000000 -0.000000
1.000000 0.000000 0.000000 0.000000
pa_PairedFrontBodySlam
3860173173
0.000038 0.000039 0.000008
1.000000 -0.000000 -0.000000 0.000000
2
12322934996673534103
13102308107327150231
